314785260 214272
427506138 317166
162804753 116188
186450237 272529
826014753 126939
261345087 94232
231685407 122329
106834527 179247
468312570 24362
478152630 181060
412506738 30974
721643805 4647
258316074 60248
235681074 37536
104872365 78631
237841605 93361
750824613 3816
637405218 34452
502683741 168313
320481675 42726
840753612 114522
357012648 258441
182564073 81538
163042857 231397
731248506 179191
163758024 30728
264581370 53986
128653047 104176
140872365 38492
150827364 49168
237458106 238329
302154678 3409
654782031 38172
326475180 316638
812043756 82863
483725601 222665
248317605 192281
578243106 70641
370452816 268110
48321675 56776
876420135 11975
814027635 59353
62571348 95014
687124503 90553
263508417 27828
741835602 83105
306147528 83809
437512860 26768
536201478 175466
265847130 216356
256703841 241806
846723015 66884
306287451 93747
706418325 360241
370584612 34114
42376815 151666
853174602 58819
347802165 8928
835072416 145965
164582703 93415
240765381 7534
804762513 13807
465832071 39030
712364508 12601
748362105 37689
741508362 104252
562017438 13947
836475120 3264
703645128 27049
506124387 10947
342170865 1103
812346570 6098
840736512 29886
814625730 52114
814725036 26804
316708425 24928
167542083 16898
306487215 1581
604375218 7599
534028167 40079
765310428 62923
764201853 16564
605428371 4363
527643081 28040
365102748 44356
581302764 22438
832471506 889
601832754 2319
205847136 921
153620478 19
210467835 12932
754680132 18251
718364205 21697
746812053 27522
674802135 23566
710523864 11752
710238465 43700
62471385 42972
314678052 45124
648531207 11339
48625713 23678
162750438 37521
473158620 4224
806537421 57213
320471586 8704
821756340 10628
150873642 1716
652401837 17738
624853710 4070
765384120 27056
781264035 13222
653841702 24949
581673402 2001
261305478 10334
826075143 37057
768015432 45025
453062718 16961
52178364 53306
840375126 16246
362507841 8434
873142560 6810
137680425 3481
154370826 31137
530486271 26164
540867312 5196
406273815 693
602815743 54657
864012375 14637
103872645 13677
425163087 15902
36571824 34742
180372546 7474
347815620 3302
250687134 7366
37264581 16604
847312605 14155
745612083 2442
530874216 10036
583164702 18479
423081576 26529
467035821 703
415620387 2801
203168547 55705
874312506 29633
465238107 14149
170352846 11880
485376021 14510
236758140 40016
371680425 6807
673825401 26441
120784653 22042
380627451 160
510873624 6342
730815426 32206
56872134 5450
405381267 857
83462751 9096
641820573 9749
480752613 1300
613507824 24080
36712584 32644
324718065 290
548263017 564
135624807 73851
71832456 63370
102647835 143
540713268 14462
572084613 65291
407682315 68391
341628057 30070
476812035 566
450231786 14852
